8.46642	0.0287602	8.6	0.25	-3.00029	0
8.57101	0.0282318	8.45	0.25	0	0
8.42927	0.0301427	8.35	0.25	-1.81979	0
7.9351	0.0237437	8.05	0.2	-3.99976	-0.99994
7.61428	0.0204653	7.7	0.15	-2.99982	0
7.50876	0.0127032	7.45	0.100001	-1.8165	-0.908239
7.20598	0.000683772	7.2	9.49949e-07	-2.72851	-0.909507
6.74737	-0.0212224	6.95	-0.15	-1.81898	-1.81898
6.67866	-0.0519302	6.75	-0.349999	-2.00076	-2.00075
6.63205	-0.0840904	6.6	-0.549999	-0.998836	-1.99769
6.46217	-0.130812	6.5	-0.85	-0.908747	-3.63498
6.49021	-0.179219	6.35	-1.15	-1.81897	-1.81898
6.59968	-0.226407	6.3	-1.45	0.909739	-3.63894
6.57796	-0.279439	6.3	-1.8	-0.999494	-2.9985
6.66141	-0.322252	6.3	-2.1	0.999984	-2.99994
6.76596	-0.36264	6.35	-2.4	0	-2.72613
6.98232	-0.399959	6.4	-2.7	0.909499	-2.72851
7.12938	-0.43502	6.45	-3	0	-2.99754
7.31886	-0.470836	6.5	-3.3	0.910402	-2.7312
7.5456	-0.49614	6.65	-3.6	1.81722	-2.72583
7.884	-0.521437	6.8	-3.9	0.907988	-2.72396
8.04387	-0.547179	6.9	-4.2	0.909334	-2.72801
8.3635	-0.567708	7	-4.45	0.910054	-1.8201
8.50541	-0.582556	7.1	-4.7	0.908302	-2.72489
8.88902	-0.604494	7.25	-5	1.81907	-2.72861
8.97814	-0.622421	7.4	-5.3	0.908194	-2.7246
9.4762	-0.63468	7.55	-5.55	1.81974	-1.81974
9.53172	-0.647271	7.7	-5.8	0.90983	-2.72951
9.89957	-0.659824	7.85	-6.1	1.9986	-2.9979
10.4099	-0.66785	8.05	-6.35	1.81738	-1.81739
10.3865	-0.678464	8.2	-6.6	0.909293	-2.72787
10.6843	-0.687607	8.35	-6.85	1.81994	-1.81993
10.9406	-0.696337	8.5	-7.1	1.00006	-3.00018
11.3727	-0.707378	8.65	-7.4	1.99807	-2.99712
11.7598	-0.716035	8.8	-7.65	0.909955	-1.8199
11.8789	-0.726017	8.9	-7.9	0.999086	-2.9973
11.9442	-0.735521	9	-8.15	0.909309	-1.8186
12.4893	-0.745345	9.1	-8.4	1.0004	-3.00119
12.6764	-0.755304	9.2	-8.65	0.909508	-1.819
13.0018	-0.765199	9.35	-8.95	1.99965	-3.99928
13.2646	-0.772362	9.5	-9.25	0.999584	-1.99917
13.3655	-0.782802	9.55	-9.5	0	-3.00023
13.8483	-0.794831	9.6	-9.8	0.999005	-2.997
13.8368	-0.803954	9.7	-10.05	0.909855	-1.81969
14.4307	-0.812263	9.75	-10.3	0	-3.00065
14.3135	-0.824455	9.8	-10.6	0.90817	-2.72451
14.7429	-0.835956	9.85	-10.9	0	-2.73074
14.8851	-0.848604	9.85	-11.2	0	-2.99965
15.2094	-0.863774	9.85	-11.5	0	-2.99843
15.413	-0.877244	9.8	-11.75	-1.0003	-2.00061
15.4054	-0.88995	9.7	-12	-1.0004	-3.00119
15.7547	-0.905673	9.6	-12.25	-0.999885	-1.99981
15.5466	-0.922266	9.45	-12.45	-1.99803	-1.99805
15.7759	-0.936847	9.3	-12.65	-0.909773	-1.81953
15.9017	-0.95744	9.05	-12.85	-3.99257	-1.99629
15.6195	-0.978773	8.75	-13	-1.8213	-0.910651
15.6995	-0.995246	8.5	-13.1	-2.997	-0.999005
15.5295	-1.0123	8.2	-13.15	-2.72741	0
15.2205	-1.03051	7.9	-13.15	-2.72986	0
15.3557	-1.04843	7.6	-13.2	-2.9979	-0.999304
14.9523	-1.06755	7.3	-13.25	-2.72846	0
14.6741	-1.08244	7	-13.2	-2.99784	0.999284
14.8668	-1.09768	6.7	-13.1	-2.72787	0.909275
14.5623	-1.11566	6.4	-13.05	-2.72678	0
14.3675	-1.1322	6.1	-13	-2.72966	0.909888
14.0957	-1.14684	5.8	-12.85	-2.99777	1.99851
13.7247	-1.15804	5.55	-12.7	-1.81798	0.908995
13.5474	-1.17084	5.3	-12.55	-2.72627	1.81753
13.369	-1.18389	5.05	-12.35	-1.8199	1.81989
12.8878	-1.19328	4.85	-12.15	-1.99928	1.99929
12.7991	-1.19553	4.7	-11.9	-0.908236	2.72471
12.4969	-1.19406	4.6	-11.65	-0.909847	1.81971
12.2162	-1.1958	4.5	-11.35	-1.0008	4.0032
11.8835	-1.18814	4.45	-11.05	0	1.81614
11.6669	-1.1797	4.45	-10.8	0	2.72555
11.4789	-1.17144	4.45	-10.5	0	2.729
11.1898	-1.15508	4.5	-10.2	0.908962	2.72687
10.9942	-1.13588	4.6	-9.9	0.909756	2.72927
10.4986	-1.11645	4.7	-9.6	0.90859	2.72578
10.592	-1.09073	4.85	-9.3	1.81967	2.72952
10.2398	-1.06602	5	-9.05	0.999884	1.99977
10.3027	-1.04083	5.15	-8.8	1.81805	2.72708
10.116	-1.01021	5.35	-8.55	1.99956	1.99957
10.1164	-0.988358	5.5	-8.35	0.909045	1.81807
9.81408	-0.957431	5.7	-8.1	2.72608	2.72608
9.834	-0.9229	5.95	-7.85	1.81801	1.81801
9.79397	-0.893547	6.15	-7.65	1.81798	1.81798
9.82626	-0.862628	6.35	-7.45	1.82027	1.82027
9.61034	-0.830934	6.6	-7.25	2.99862	1.99908
9.63222	-0.803469	6.8	-7.05	0.908005	1.816
9.90965	-0.773882	7	-6.85	2.72856	1.81904
9.90034	-0.741696	7.25	-6.65	1.8202	1.8202
9.97586	-0.714582	7.5	-6.5	2.99964	0.999884
9.95941	-0.690878	7.75	-6.4	1.81709	0.908549
10.1984	-0.663884	8	-6.25	2.72931	1.81954
10.1836	-0.632288	8.25	-6.05	1.99977	1.99976
10.3458	-0.606064	8.5	-5.9	2.72796	0.909326
10.4847	-0.579689	8.75	-5.75	1.81776	1.81775
10.6216	-0.5556	8.95	-5.55	1.99657	1.99656
10.4783	-0.529976	9.2	-5.4	2.72728	0.909094
10.7468	-0.506831	9.45	-5.25	1.81816	1.81815
11.0251	-0.485669	9.65	-5.05	1.82036	1.82036
11.0505	-0.456323	9.85	-4.85	1.81578	1.81577
10.9882	-0.426704	10.05	-4.6	1.82039	2.7306
11.0542	-0.396158	10.25	-4.3	1.81769	2.72652
11.372	-0.37096	10.45	-4.05	1.81792	1.81792
11.3808	-0.345253	10.65	-3.85	1.81903	1.81904
11.3814	-0.322404	10.8	-3.6	0.909773	2.72931
11.4462	-0.292989	10.95	-3.3	1.99953	2.99928
11.5123	-0.262561	11.1	-3	0.907725	2.72317
11.4671	-0.236058	11.2	-2.7	0.908929	2.72678
11.3669	-0.209323	11.2	-2.4	-0.909276	2.72782
11.3977	-0.185161	11.25	-2.1	1.81915	2.72871
11.4428	-0.157524	11.35	-1.8	0	2.73035
11.156	-0.129749	11.3	-1.5	-0.999165	2.99748
11.2341	-0.110312	11.2	-1.25	-0.909822	1.81964
10.8931	-0.0853934	11.05	-0.95	-1.99817	3.99632
10.881	-0.0609808	10.9	-0.649999	-0.908549	1.8171
10.8539	-0.0403174	10.75	-0.45	-1.8174	1.81738
10.5091	-0.0233211	10.5	-0.25	-2.72796	1.81864
10.4887	-0.00774292	10.25	-0.0999996	-1.81964	0.909826
9.92588	0.000398758	10	9.49949e-07	-2.73049	0.910169
9.63991	0.00607597	9.7	0.0500011	-2.72439	0
9.3231	0.0120556	9.4	0.100001	-2.72773	0.90923
9.06362	0.022153	9.1	0.2	-2.72652	0.908843
8.90542	0.0277555	8.85	0.25	-1.81847	0
8.46751	0.0305697	8.55	0.25	-3.6326	0
8.05524	0.0300307	8.2	0.25	-2.72841	0
7.78925	0.0264196	7.9	0.2	-2.72708	-0.909025
7.77406	0.0124693	7.6	0.100001	-2.73169	-0.910554
7.15342	0.00594389	7.3	0.0500011	-2.99789	0
7.1723	-0.00654331	7.05	-0.0499995	-1.81811	-1.81813
6.83466	-0.0366127	6.85	-0.25	-1.81646	-1.81646
6.76349	-0.0677279	6.65	-0.45	-1.81901	-1.819
6.60824	-0.114463	6.5	-0.749999	-0.909789	-3.63914
6.53751	-0.171029	6.4	-1.1	-1.0002	-3.00061
6.5388	-0.210302	6.3	-1.35	-1.00035	-2.00072
6.45227	-0.252379	6.25	-1.6	0	-2.99288
6.69539	-0.29245	6.3	-1.9	0.909739	-2.72921
6.91179	-0.333634	6.35	-2.2	0	-2.72782
6.75717	-0.381912	6.35	-2.55	0	-3.63689
7.08951	-0.424996	6.4	-2.9	0.908854	-2.72658
7.23743	-0.457996	6.5	-3.2	0.908863	-2.72658
7.57641	-0.485339	6.6	-3.5	0.908714	-2.72613
7.7195	-0.517274	6.7	-3.8	0.909565	-2.72871
7.86967	-0.543033	6.8	-4.1	0.908566	-2.72568
8.40442	-0.563739	6.95	-4.4	1.81821	-2.72732
8.42068	-0.584245	7.1	-4.7	0.91085	-2.73253
8.79053	-0.601801	7.2	-4.95	1.00033	-2.00068
8.83775	-0.614588	7.35	-5.2	1.9976	-2.9964
9.16064	-0.628545	7.5	-5.45	0.908252	-1.8165
9.23072	-0.641835	7.65	-5.7	1.81785	-2.72677
9.88168	-0.653279	7.8	-5.95	0.909078	-1.81815
10.0026	-0.661119	7.95	-6.2	1.8197	-2.72955
10.5053	-0.671666	8.15	-6.5	1.8187	-2.72807
10.7287	-0.683001	8.3	-6.75	0.908979	-1.81795
10.7785	-0.696037	8.4	-7	0.909094	-2.72732
11.2099	-0.704456	8.55	-7.3	1.81751	-2.72628
11.7082	-0.715625	8.7	-7.55	0.908615	-1.81723
11.6937	-0.721585	8.85	-7.8	1.8215	-2.73224
12.2718	-0.734453	9	-8.1	0.999025	-2.99707
12.4149	-0.743549	9.1	-8.35	0.908285	-1.81657
12.6031	-0.750086	9.2	-8.6	0.91012	-2.73036
12.8797	-0.763778	9.3	-8.9	0.909524	-2.72856
13.1448	-0.77402	9.4	-9.2	0.999066	-2.99725
13.4009	-0.784169	9.5	-9.5	0.909706	-2.7291
13.6665	-0.79492	9.6	-9.8	1.00048	-3.00143
13.8463	-0.803265	9.7	-10.05	0.998785	-1.99755
14.223	-0.812853	9.75	-10.3	0	-2.72851
14.5847	-0.825059	9.8	-10.6	0.909012	-2.72704
14.7085	-0.837569	9.85	-10.9	0	-3.00318
14.7337	-0.847854	9.85	-11.2	0	-3.00013
15.0821	-0.863946	9.85	-11.5	0	-2.99592
15.2386	-0.875133	9.8	-11.75	-0.908731	-1.81746
15.5821	-0.891812	9.7	-12	-0.909591	-2.72875
15.5818	-0.909263	9.6	-12.3	-0.908879	-2.72667
15.6094	-0.92684	9.45	-12.55	-1.82006	-1.82006
15.647	-0.945318	9.2	-12.75	-3.00047	-2.00033
15.5629	-0.965203	8.95	-12.9	-1.81543	-0.907707
15.6346	-0.983091	8.7	-13.05	-2.73134	-1.82089
15.4056	-1.00393	8.4	-13.15	-2.99683	0
15.3433	-1.01881	8.1	-13.2	-2.72707	-0.909028
15.5514	-1.04048	7.8	-13.25	-2.7295	0
15.2679	-1.05671	7.5	-13.25	-2.99994	0
15.0325	-1.07149	7.2	-13.2	-2.72698	0.908995
14.707	-1.09054	6.85	-13.15	-3.63709	0
14.7389	-1.11096	6.5	-13.1	-3.0006	1.00018
14.5358	-1.1248	6.25	-13.05	-1.81729	0
14.2651	-1.13707	6	-12.95	-2.72861	1.81906
14.0885	-1.15135	5.7	-12.8	-2.99988	0.999964
13.857	-1.16639	5.45	-12.7	-2.00001	1
13.6105	-1.17364	5.25	-12.55	-1.99732	1.99733
13.5812	-1.18332	5.05	-12.35	-1.8206	1.82059
13.1093	-1.18836	4.85	-12.1	-1.9998	2.99969
12.6605	-1.19538	4.7	-11.85	-1.00002	2.00003
12.5025	-1.19544	4.6	-11.6	-0.998955	2.99688
12.067	-1.19146	4.5	-11.3	-1.00106	3.00319
11.9516	-1.19047	4.45	-11.05	0	1.8168
11.5778	-1.18044	4.45	-10.8	0	3.00139
11.4567	-1.17215	4.45	-10.55	0	2.00041
11.1439	-1.15943	4.5	-10.3	0.999584	2.99875
10.9977	-1.14265	4.55	-10	0	2.72717
10.7057	-1.12424	4.65	-9.7	1.8193	2.72895
10.4189	-1.09757	4.8	-9.4	1.00006	3.00019
10.4688	-1.07438	4.95	-9.15	2.00004	2.00005
10.323	-1.05092	5.1	-8.9	0.999704	2.99911
10.3067	-1.02629	5.25	-8.65	1.81848	1.81849
9.90444	-0.995544	5.45	-8.4	2.00068	3.00103
9.78462	-0.965647	5.65	-8.15	1.99952	1.99953
9.80473	-0.939805	5.8	-7.95	0.999944	1.99989
9.71238	-0.915003	5.95	-7.75	1.99772	1.99772
9.7524	-0.886108	6.15	-7.55	1.8199	1.8199
9.5193	-0.854097	6.4	-7.35	2.99605	1.99736
9.83822	-0.825564	6.65	-7.2	1.8206	0.910303
9.75541	-0.799682	6.85	-7.05	1.99848	1.99848
9.98866	-0.768765	7.1	-6.85	2.72688	1.81792
10.0188	-0.735659	7.35	-6.65	1.81821	1.81821
9.96291	-0.711687	7.55	-6.5	1.81726	0.908632
10.1729	-0.687264	7.8	-6.4	2.72951	0.909839
9.98859	-0.65929	8.05	-6.25	2.00047	2.00048
10.2866	-0.629609	8.3	-6.05	2.72702	1.81801
10.375	-0.605303	8.55	-5.9	2.00127	1.00064
10.625	-0.579961	8.8	-5.75	2.99963	1.99976
10.8081	-0.549553	9.05	-5.55	1.99699	1.997
10.5876	-0.523958	9.25	-5.35	1.8166	1.81659
10.6878	-0.497879	9.45	-5.15	1.8222	1.82219
10.8597	-0.480893	9.65	-5	1.99604	0.998028
11.0125	-0.457284	9.85	-4.85	1.81895	1.81894
11.0854	-0.430334	10.05	-4.6	1.81966	2.72951
11.0567	-0.402233	10.25	-4.35	1.81908	1.81907
11.3494	-0.375162	10.45	-4.1	2.00061	3.0009
11.455	-0.3466	10.65	-3.85	1.99963	1.99964
11.3478	-0.321223	10.8	-3.6	0.999844	2.99952
11.4637	-0.297497	10.95	-3.35	2.00065	2.00064
11.4488	-0.271915	11.1	-3.1	0.998546	2.99563
11.4825	-0.245369	11.15	-2.8	0	2.73104
11.3918	-0.225176	11.15	-2.55	0	1.81785
11.3915	-0.199406	11.25	-2.25	1.99733	3.99465
11.4735	-0.168155	11.35	-1.95	0	1.81854
11.5444	-0.147849	11.35	-1.7	0	2.72762
11.3388	-0.12234	11.3	-1.4	-0.908846	2.72653
11.1287	-0.0978734	11.15	-1.1	-1.82014	2.73021
10.9533	-0.0723018	11	-0.799999	-1.00036	3.00107
10.7256	-0.0453229	10.85	-0.5	-2.00003	3.00006
10.6938	-0.0284812	10.65	-0.3	-1.81779	0.908892
10.5043	-0.0147089	10.4	-0.15	-3.00061	2.00041
10.141	-0.00711558	10.15	-0.0499992	-1.99645	0
10.0898	-0.000164915	9.9	9.49949e-07	-2.73175	0.910584
9.50438	0.00876647	9.6	0.100001	-2.99544	0.998471
9.22961	0.0175293	9.35	0.15	-1.81963	0
9.07524	0.0226968	9.1	0.2	-3.00059	1.0002
8.84543	0.0291284	8.8	0.25	-2.99995	0
8.43911	0.029295	8.5	0.25	-2.99323	0
8.27433	0.0294916	8.2	0.25	-2.73233	0
7.98315	0.0256301	7.9	0.2	-3.00234	-1.00078
7.46312	0.019266	7.6	0.15	-2.99599	0
7.38047	0.0128858	7.35	0.100001	-1.81801	-0.908998
7.32563	-0.00630343	7.1	-0.0499995	-2.72495	-1.81664
7.10159	-0.0371997	6.9	-0.25	-0.910634	-1.82126
6.66164	-0.0676942	6.7	-0.45	-2.99641	-1.99759
6.54413	-0.109938	6.5	-0.7	-0.909955	-2.72986
6.50274	-0.154318	6.4	-1	-0.999224	-2.99766
6.27693	-0.205206	6.3	-1.3	-0.908722	-2.72618
6.57101	-0.247004	6.3	-1.6	0.910485	-2.73144
6.61568	-0.2897	6.35	-1.9	0	-2.99515
6.82616	-0.333515	6.35	-2.2	0	-2.72856
6.98476	-0.375575	6.4	-2.5	0.908227	-2.7247
7.04974	-0.410031	6.45	-2.8	0	-2.72732
7.07693	-0.451697	6.5	-3.15	0.909078	-3.6363
7.52682	-0.488801	6.6	-3.5	0.910038	-2.7301
7.721	-0.51755	6.7	-3.8	0.908095	-2.7243
7.85227	-0.5424	6.8	-4.1	0.910949	-2.73284
8.11508	-0.562462	6.9	-4.35	0.999834	-1.99968
8.35836	-0.579578	7.05	-4.6	1.99653	-2.99479
8.58227	-0.592606	7.2	-4.85	1.00098	-2.00196
8.88891	-0.610082	7.3	-5.1	0.90969	-2.72906
9.05785	-0.626214	7.45	-5.4	1.99976	-2.99964
9.4601	-0.639334	7.6	-5.65	1.00038	-2.00076
9.60303	-0.650794	7.75	-5.9	1.81659	-2.7249
10.0235	-0.660739	7.9	-6.15	0.909251	-1.81851
10.3121	-0.667107	8.05	-6.35	1.81576	-1.81577
10.6726	-0.673465	8.25	-6.6	1.8218	-2.73269
10.9601	-0.688074	8.4	-6.9	0.907987	-2.72401
11.191	-0.703148	8.5	-7.2	0.910054	-2.73014
11.4834	-0.710496	8.65	-7.45	1.99827	-1.99828
11.6331	-0.719838	8.8	-7.7	0.909061	-2.72717
11.9356	-0.731085	8.9	-8	0.908945	-2.72688
12.2284	-0.739285	9.05	-8.25	1.82026	-1.82027
12.4412	-0.745624	9.2	-8.5	0.999884	-2.99963
12.7039	-0.756748	9.3	-8.8	0.999284	-2.99783
13.1658	-0.767119	9.4	-9.05	0.909209	-1.81844
13.2358	-0.776088	9.5	-9.3	0.908483	-2.72543
13.696	-0.785123	9.6	-9.6	0.909756	-2.72927
14.0976	-0.795739	9.7	-9.9	0.998626	-2.99586
14.1089	-0.807364	9.75	-10.2	0	-2.72857
14.3022	-0.818543	9.8	-10.5	0.909773	-2.7293
14.6457	-0.831495	9.85	-10.8	0	-2.72846
14.8355	-0.845076	9.85	-11.1	0	-2.72748
15.1415	-0.858804	9.85	-11.4	0	-2.9967
15.3827	-0.87173	9.8	-11.7	-0.909227	-2.72768
15.4788	-0.888766	9.7	-12	-0.908714	-2.72613
15.5601	-0.905614	9.6	-12.25	-0.909639	-1.81931
15.5217	-0.921231	9.45	-12.45	-1.81824	-1.81825
15.8729	-0.942024	9.2	-12.65	-2.72578	-1.81718
15.6473	-0.959771	8.95	-12.85	-1.8192	-1.81921
15.5759	-0.982069	8.7	-13.05	-2.72781	-1.81854
15.7178	-1.00436	8.4	-13.15	-2.72644	0
15.4407	-1.01846	8.1	-13.15	-3.00083	0
15.4191	-1.03651	7.8	-13.2	-2.72553	-0.908516
15.2661	-1.05621	7.5	-13.2	-2.72544	0.908483
15.0349	-1.07175	7.2	-13.15	-2.73035	0
14.893	-1.09086	6.85	-13.15	-3.63616	0
14.6699	-1.10884	6.55	-13.15	-1.81656	0
14.4304	-1.12445	6.3	-13.1	-2.73109	0.910352
14.1864	-1.13755	6	-12.95	-2.72331	1.81553
14.1065	-1.15181	5.7	-12.8	-2.72842	0.909475
13.8068	-1.16747	5.4	-12.65	-2.731	1.82067
13.5269	-1.17869	5.15	-12.45	-1.81821	1.8182
13.3273	-1.18622	4.95	-12.25	-1.99957	1.99957
12.9798	-1.18873	4.8	-12.05	-0.999954	1.99993
12.539	-1.19655	4.65	-11.8	-2.0002	3.00031
12.4176	-1.19677	4.55	-11.55	0	1.99749
12.0696	-1.19087	4.5	-11.25	-0.90916	3.63662
11.7368	-1.18684	4.45	-10.95	0	1.81807
11.6867	-1.17618	4.45	-10.7	0	2.72865
11.3043	-1.16677	4.45	-10.4	0	2.72392
11.1445	-1.152	4.5	-10.1	0.909624	2.72885
10.7341	-1.13037	4.6	-9.8	0.909111	2.72733
10.6729	-1.10786	4.75	-9.5	1.81921	2.7288
10.4052	-1.08079	4.9	-9.2	0.908739	2.72622
10.3962	-1.05915	5.05	-8.95	1.8169	1.81688
10.09	-1.02781	5.25	-8.7	1.8201	2.73014
9.95856	-1.00261	5.4	-8.45	0.910244	1.82049
10.0625	-0.976143	5.55	-8.2	1.99657	2.99484
9.6935	-0.942624	5.75	-7.95	1.81871	1.81872
9.73588	-0.912814	6	-7.75	2.72961	1.81974
9.82092	-0.878335	6.25	-7.55	1.9992	1.9992
9.75766	-0.849487	6.45	-7.35	1.81911	1.81911
9.86809	-0.822197	6.65	-7.15	1.99996	1.99996
9.74178	-0.796215	6.85	-7	1.99752	0.998765
9.73646	-0.767898	7.1	-6.85	2.73035	1.82023
9.82669	-0.735388	7.35	-6.65	2.0006	2.0006
10.0155	-0.711196	7.55	-6.5	1.99841	0.999204
10.0688	-0.686191	7.8	-6.4	2.99952	0.999844
10.2955	-0.660707	8.05	-6.25	1.81603	1.81603
10.0748	-0.631835	8.25	-6.05	1.81921	1.81921
10.2941	-0.606816	8.5	-5.9	2.729	0.909673
10.3761	-0.579463	8.8	-5.75	2.72771	1.81848
10.5509	-0.550533	9.05	-5.55	1.99939	1.9994
10.7242	-0.529443	9.25	-5.4	1.81776	0.90888
10.6867	-0.503878	9.45	-5.2	1.81545	2.72317
10.7882	-0.472652	9.65	-4.95	1.82145	1.82147
11.1251	-0.450929	9.85	-4.75	1.81961	1.8196
10.9735	-0.424449	10.05	-4.55	1.99827	1.99828
11.012	-0.396725	10.25	-4.3	1.81693	2.72538
11.1324	-0.37187	10.45	-4.05	1.81951	1.8195
11.3205	-0.346977	10.65	-3.85	1.81817	1.81818
11.5288	-0.321428	10.85	-3.6	1.81621	2.7243
11.5968	-0.290931	11	-3.3	0.908632	2.72588
11.3751	-0.262609	11.1	-3	0.909905	2.72971
11.3429	-0.237942	11.15	-2.7	0	2.72847
11.5121	-0.212107	11.15	-2.4	0	2.72732
11.4133	-0.184157	11.25	-2.1	1.81905	2.72856
11.5354	-0.157397	11.3	-1.8	-0.90916	2.72747
11.4353	-0.133106	11.25	-1.5	0	2.72321
11.3746	-0.104867	11.2	-1.2	-0.909524	2.72856
11.0344	-0.0810376	11.05	-0.9	-1.81945	2.72916
10.852	-0.0540255	10.9	-0.599999	-0.909839	2.72952
10.637	-0.0338463	10.7	-0.349999	-2.99538	1.99692
10.434	-0.0187044	10.45	-0.2	-1.81715	0.908579
10.2074	-0.0106801	10.2	-0.0999996	-2.73194	0.910655
9.89001	0.000825869	9.9	9.49949e-07	-2.72481	0.908268
9.63573	0.00964489	9.65	0.100001	-1.81759	0.908784
9.5634	0.0155366	9.4	0.15	-2.72659	0
9.08448	0.0228764	9.1	0.2	-2.72925	0.909752
8.95026	0.0295912	8.8	0.25	-2.72783	0
8.47238	0.0296451	8.5	0.25	-2.72395	0
8.28345	0.0237815	8.2	0.2	-2.73278	-0.910929
7.74832	0.0199538	7.85	0.15	-3.9992	0
7.62144	0.020608	7.55	0.15	-1.99868	0
7.34552	0.013889	7.3	0.100001	-2.72622	-0.908734
7.05739	-0.00713726	7.05	-0.0499995	-1.81887	-1.81889
6.87642	-0.0353825	6.85	-0.25	-1.81792	-1.81792
6.77279	-0.0670127	6.65	-0.45	-1.81881	-1.8188
6.64863	-0.115431	6.45	-0.749999	-1.81971	-3.63941
6.45072	-0.171362	6.35	-1.1	0	-2.99522
6.46485	-0.219372	6.35	-1.4	0	-2.72817
6.74008	-0.262061	6.35	-1.7	0	-2.72628
6.70101	-0.306612	6.35	-2	0	-2.73154
6.68883	-0.347417	6.35	-2.3	0	-2.99503
6.81201	-0.386367	6.4	-2.6	0.909996	-2.73
7.01896	-0.421439	6.5	-2.9	0.907593	-2.72277
7.4891	-0.460405	6.55	-3.25	0	-3.63617
7.42685	-0.499304	6.6	-3.6	0.909673	-2.72901
7.73369	-0.519546	6.75	-3.85	1.81795	-1.81795
8.32239	-0.540957	6.9	-4.15	0.909979	-3.63994
8.30107	-0.565342	7	-4.45	0.907889	-1.81577
8.59318	-0.585948	7.1	-4.7	0.909789	-2.72935
8.84525	-0.603476	7.25	-5	1.81861	-2.72792
9.02066	-0.622827	7.4	-5.3	0.999994	-3
9.26753	-0.633155	7.55	-5.55	1.81749	-1.81749
9.74447	-0.645201	7.7	-5.8	0.909598	-2.72881
9.84383	-0.656665	7.85	-6.05	1.81964	-1.81964
10.2229	-0.664707	8.05	-6.3	1.99731	-2.99599
10.5783	-0.673972	8.2	-6.55	0.909111	-1.81822
10.6184	-0.686812	8.3	-6.8	0.90845	-2.72534
11.2448	-0.697694	8.45	-7.1	1.81925	-2.72886
11.4023	-0.703311	8.65	-7.35	1.82079	-1.8208
11.4784	-0.712179	8.8	-7.6	0.997629	-2.99288
11.741	-0.726703	8.9	-7.9	0.909127	-2.72742
12.0578	-0.738017	9	-8.15	0.909524	-1.81903
12.3259	-0.7466	9.1	-8.4	0.909922	-2.72975
12.4872	-0.755033	9.25	-8.7	1.8169	-2.72535
12.9973	-0.761667	9.4	-9	0.910219	-2.73069
13.3492	-0.7773	9.5	-9.3	0.997908	-2.99371
13.5895	-0.783535	9.6	-9.55	0.909971	-1.81993
13.7362	-0.793586	9.65	-9.8	0	-2.73054
13.8624	-0.804437	9.7	-10.1	0.998187	-2.99456
14.2377	-0.814555	9.8	-10.4	0.909806	-2.7294
14.5453	-0.825759	9.85	-10.7	0	-2.72718
14.6206	-0.839985	9.85	-11	0	-2.72395
15.0172	-0.853421	9.85	-11.3	0	-2.73074
15.3302	-0.866059	9.85	-11.6	0	-2.72396
15.3983	-0.88022	9.8	-11.9	-1.0005	-3.00149
15.5297	-0.900676	9.65	-12.15	-1.81799	-1.81797
15.6284	-0.919828	9.45	-12.4	-1.82042	-2.73064
15.6571	-0.941485	9.25	-12.65	-1.99893	-1.99891
15.7268	-0.954682	9.05	-12.85	-1.81839	-1.81839
15.8476	-0.977762	8.8	-13	-2.72942	-0.909806
15.6101	-0.995616	8.5	-13.15	-2.99987	-1.99991
15.432	-1.01103	8.25	-13.2	-1.99797	0.998985
15.4246	-1.02553	8	-13.2	-2.73	-0.910004
15.1639	-1.04748	7.65	-13.25	-3.62957	0
15.1626	-1.06605	7.3	-13.25	-2.7301	0
14.8978	-1.08358	7	-13.25	-2.72703	0
14.8615	-1.10225	6.7	-13.2	-2.72742	0.909144
14.3946	-1.11583	6.4	-13.1	-2.72703	0.908994
14.3607	-1.13231	6.1	-13	-2.73	0.910004
14.3815	-1.14857	5.8	-12.9	-2.99275	0.99759
14.0268	-1.15873	5.55	-12.75	-1.81993	1.81994
13.5149	-1.16708	5.35	-12.55	-1.81722	1.81723
13.4552	-1.17936	5.1	-12.35	-2.72881	1.8192
13.1387	-1.18616	4.9	-12.15	-0.908467	1.81693
12.8997	-1.1896	4.75	-11.9	-1.81788	2.72684
12.3042	-1.19578	4.6	-11.65	-0.909963	1.81994
12.1226	-1.19333	4.5	-11.35	-0.909227	3.63689
12.0979	-1.19164	4.4	-11.05	-0.909227	1.81845
11.5336	-1.18409	4.4	-10.8	0.9094	2.72823
11.4356	-1.17086	4.45	-10.5	0	3.00113
10.9254	-1.15506	4.5	-10.2	0.999524	2.99855
10.8604	-1.13609	4.6	-9.9	0.998267	2.9948
10.5329	-1.11857	4.7	-9.65	0.910924	1.82187
10.5106	-1.09824	4.8	-9.4	0.908038	2.72411
10.2807	-1.07104	4.95	-9.1	1.81851	2.72776
10.1055	-1.04116	5.15	-8.8	1.8165	2.72476
10.0829	-1.0125	5.35	-8.55	1.82159	1.8216
10.0189	-0.988216	5.5	-8.35	0.908054	1.81609
10.0003	-0.961796	5.7	-8.15	2.72851	1.81902
9.9687	-0.926042	5.95	-7.9	1.81851	2.72777
9.92266	-0.895106	6.15	-7.65	1.81739	1.81739
9.84317	-0.864096	6.35	-7.45	1.8164	1.81641
9.89056	-0.831754	6.6	-7.25	2.72856	1.81904
9.82091	-0.80111	6.85	-7.05	1.82066	1.82066
9.91553	-0.767345	7.1	-6.85	2.99976	1.99984
9.78918	-0.739243	7.3	-6.65	0.999384	1.99876
10.1874	-0.716878	7.5	-6.55	2.72747	0
10.3287	-0.693472	7.75	-6.45	1.81623	1.81624
10.0811	-0.66755	8	-6.3	2.72648	0.908821
10.4109	-0.636269	8.25	-6.1	1.81898	2.72847
10.2804	-0.607939	8.5	-5.9	2.72647	0.90883
10.4873	-0.580994	8.75	-5.75	1.81789	1.81788
10.4588	-0.551115	9	-5.55	2.73109	1.82073
10.7747	-0.524384	9.25	-5.35	1.81796	1.81795
10.7517	-0.497219	9.5	-5.15	2.72905	1.81937
11.0341	-0.470968	9.7	-4.95	0.998666	1.99733
11.0612	-0.449999	9.85	-4.75	1.8172	1.81719
11.125	-0.424919	10.05	-4.55	1.82042	1.82043
11.1995	-0.399294	10.3	-4.35	2.72672	1.81782
11.3545	-0.370848	10.5	-4.1	0.908764	2.72628
11.3211	-0.342958	10.65	-3.8	1.8194	2.72911
11.4312	-0.317652	10.85	-3.55	1.81839	1.81838
11.5021	-0.29106	11	-3.3	0.908549	2.72563
11.5069	-0.264934	11.1	-3	0.90888	2.72663
11.4972	-0.237002	11.2	-2.7	0.909988	2.72995
11.7171	-0.211967	11.2	-2.4	-0.907692	2.72306
11.4117	-0.183451	11.25	-2.1	1.8219	2.73284
11.3633	-0.156728	11.35	-1.8	0	2.71996
11.3658	-0.130565	11.35	-1.5	0	2.73448
11.3141	-0.10593	11.25	-1.2	-1.99969	2.99952
11.0059	-0.0810972	11.1	-0.9	-1.00006	3.00024
10.911	-0.0601231	10.95	-0.649999	-1.81771	1.81773
10.8361	-0.0408851	10.75	-0.45	-1.81842	1.8184
10.5532	-0.0235621	10.5	-0.25	-3.00035	2.00024
10.2565	-0.0112412	10.25	-0.0999996	-2.00053	1.00027
10.0717	0.00163858	10.05	9.49949e-07	-2.00009	1.00004
9.84784	0.00284182	9.8	0.0500011	-3.00025	0
9.54734	0.0104496	9.5	0.100001	-2.99825	0.999409
9.46208	0.0141913	9.25	0.15	-1.81915	0
9.02937	0.0217632	9	0.2	-2.99927	0.99976
8.6796	0.0285204	8.7	0.25	-2.99873	0
8.44466	0.0300046	8.4	0.25	-2.72872	0
8.10918	0.0252484	8.1	0.2	-2.99909	-0.9997
7.82356	0.0191399	7.8	0.15	-3.00101	0
7.49759	0.0134815	7.5	0.100001	-2.72698	-0.908982
7.13188	-0.000633743	7.25	9.49949e-07	-2.00032	-1.00016
6.77401	-0.0222792	7	-0.15	-2.72534	-1.8169
6.7132	-0.0517516	6.8	-0.349999	-1.00053	-2.00107
6.74335	-0.0817351	6.65	-0.549999	-2.00016	-2.00017
6.44839	-0.121462	6.5	-0.799999	-0.999884	-2.99963
6.46919	-0.16842	6.4	-1.1	-0.999984	-2.99995
6.70803	-0.215617	6.35	-1.4	0	-3.00132
6.54119	-0.254276	6.35	-1.65	0	-1.81769
6.64128	-0.299712	6.35	-1.95	0	-3.99976
6.6916	-0.340776	6.35	-2.25	0	-2
6.73182	-0.375521	6.35	-2.5	0	-3
6.95809	-0.410128	6.4	-2.8	1.00003	-3.00012
7.23519	-0.451689	6.5	-3.15	0.999284	-3.99712
7.4921	-0.481382	6.6	-3.45	0.909922	-1.81983
7.65601	-0.504076	6.7	-3.7	0.999335	-2.99802
7.7202	-0.532089	6.8	-4	0.908549	-2.72564
8.16769	-0.554308	6.9	-4.25	0.90988	-1.81977
8.43143	-0.57064	7	-4.5	1.00008	-3.00024
8.74234	-0.592929	7.15	-4.8	1.99984	-2.99976
8.92451	-0.606477	7.3	-5.05	1.00028	-2.00057
9.0968	-0.620096	7.4	-5.3	1.00003	-3.00012
9.27969	-0.635369	7.55	-5.55	1.99961	-1.99961
9.6591	-0.646603	7.7	-5.8	1.00027	-3.00084
9.7353	-0.656464	7.85	-6.05	1.9998	-1.99981
10.2057	-0.66388	8	-6.25	1.00004	-2.00008
10.382	-0.674723	8.15	-6.5	1.99951	-2.99928
10.7955	-0.680973	8.3	-6.75	0.90921	-1.81841
11.1716	-0.694584	8.4	-7	1.0001	-3.00036
10.9872	-0.703397	8.55	-7.25	1.99907	-1.99908
11.5795	-0.712791	8.7	-7.5	1.00058	-3.00174
11.7383	-0.721773	8.8	-7.75	0.999844	-1.99968
12.1699	-0.728905	8.95	-8	2.00017	-3.00024
12.2342	-0.737451	9.1	-8.25	0.998905	-1.99781
12.6512	-0.744494	9.2	-8.5	0.908863	-2.72657
12.6125	-0.757959	9.3	-8.8	0.909475	-2.72841
13.1952	-0.769299	9.4	-9.1	0.999765	-2.99935
13.3758	-0.777761	9.5	-9.35	0.908962	-1.81792
13.5831	-0.785718	9.6	-9.6	0.909988	-2.72996
13.8538	-0.796016	9.7	-9.9	0.907972	-2.7239
14.0227	-0.807641	9.75	-10.2	0	-2.73106
14.3811	-0.818753	9.8	-10.5	1	-2.99999
14.5653	-0.830443	9.85	-10.8	0	-3.00047
14.9194	-0.843535	9.85	-11.05	0	-1.9956
14.9674	-0.853527	9.85	-11.3	0	-2.73184
15.1773	-0.869154	9.8	-11.6	-0.998566	-2.9957
15.4203	-0.884038	9.75	-11.9	0	-2.73084
15.5366	-0.901665	9.65	-12.2	-1.81598	-2.72396
15.6711	-0.921787	9.45	-12.45	-1.82132	-1.82133
15.7693	-0.93835	9.3	-12.65	-0.908038	-1.81606
15.6491	-0.954916	9.05	-12.85	-3.64007	-1.82004
15.6757	-0.979734	8.75	-13	-1.9959	-0.997948
15.5584	-0.994038	8.5	-13.1	-2.73149	-0.910502
15.5362	-1.01517	8.2	-13.2	-2.72385	-0.907955
15.36	-1.03139	7.9	-13.25	-2.72673	0
15.1473	-1.05087	7.6	-13.25	-2.72991	0
14.9795	-1.06989	7.25	-13.2	-3.63887	0.909723
14.8543	-1.08728	6.9	-13.15	-2.72312	0
14.9527	-1.10661	6.6	-13.15	-3.00475	0
14.6848	-1.11798	6.35	-13.1	-1.9976	0.998786
14.5284	-1.13279	6.1	-13	-2.72732	0.909111
14.1205	-1.14893	5.8	-12.9	-2.72895	0.909657
13.9407	-1.16209	5.55	-12.75	-1.81808	1.81809
13.6781	-1.17045	5.3	-12.55	-2.7236	1.81575
13.5987	-1.18335	5.05	-12.35	-1.81967	1.81966
13.0294	-1.1923	4.85	-12.1	-1.81844	2.72766
12.6426	-1.19135	4.7	-11.85	-0.909557	1.8191
12.532	-1.19356	4.6	-11.6	-0.907782	2.72335
12.0277	-1.18903	4.5	-11.25	-0.910253	3.64099
11.8559	-1.18496	4.45	-10.95	0	1.81804
12.0444	-1.17805	4.45	-10.75	0	1.81614
11.3269	-1.16887	4.45	-10.45	0	3.6396
11.0834	-1.15058	4.5	-10.1	0.910021	2.73005
10.7623	-1.13022	4.6	-9.8	0.999085	2.99725
10.4579	-1.11412	4.7	-9.55	0.910095	1.82021
10.4108	-1.0908	4.85	-9.3	1.99828	2.99743
10.3405	-1.06237	5	-9	0.908384	2.72514
10.2601	-1.03811	5.15	-8.75	1.81679	1.8168
10.037	-1.01005	5.35	-8.5	1.82017	2.73024
9.99123	-0.978202	5.55	-8.25	1.81852	1.81852
10.0235	-0.949248	5.75	-8.05	1.81752	1.81753
9.93472	-0.92343	5.95	-7.85	1.8194	1.8194
9.62546	-0.88994	6.15	-7.6	1.81742	2.72613
9.67107	-0.855073	6.4	-7.35	2.7248	1.81653
9.76103	-0.825526	6.65	-7.2	1.81957	0.909789
9.87674	-0.794649	6.9	-7.05	2.72946	1.81964
9.86232	-0.763353	7.15	-6.85	1.81554	1.81554
9.85837	-0.736116	7.35	-6.65	1.82007	1.82007
9.98613	-0.706558	7.6	-6.5	2.72628	0.908764
10.1317	-0.684623	7.85	-6.4	1.81656	0.908285
10.1837	-0.658568	8.1	-6.25	2.73006	1.82003
10.2499	-0.623097	8.4	-6.05	2.72692	1.81795
10.4301	-0.594934	8.65	-5.85	1.81844	1.81844
10.6686	-0.565194	8.9	-5.65	2.72464	1.81643
10.6386	-0.537333	9.15	-5.45	1.81916	1.81918
10.6468	-0.515691	9.35	-5.3	1.81895	0.909466
11.0213	-0.491273	9.55	-5.1	1.81986	2.72981
10.8076	-0.462569	9.75	-4.85	1.81736	1.81735
10.9769	-0.436747	9.95	-4.65	1.81806	1.81805
11.3501	-0.410455	10.2	-4.45	2.72609	1.8174
11.1934	-0.382691	10.4	-4.2	0.908945	2.72688
11.2679	-0.358104	10.55	-3.95	1.81903	1.81904
11.2214	-0.330063	10.75	-3.7	1.81931	2.72896
11.3235	-0.30085	10.9	-3.4	0.999745	2.99928
11.3417	-0.277495	11.05	-3.15	1.81764	1.81765
11.5166	-0.252737	11.2	-2.9	0.909657	2.72896
11.5547	-0.225803	11.2	-2.6	-0.998725	2.99617
11.4655	-0.201037	11.2	-2.3	0.908813	2.72643
11.3365	-0.175531	11.3	-2	0.909855	2.72956
